,,time(Sec)
80000,55.111290,0.362902
